<?xml version="1.0" encoding="UTF-8"?>
<document version="1.4.0">
  <chunk label="SONY-A-9" enabled="1">
    <sensors next_id="1">
      <sensor id="0" label="SONY-A-9" type="frame">
        <resolution width="6000" height="4000"/>
        <property name="pixel_width" value="0.006"/>
        <property name="pixel_height" value="0.006"/>
        <property name="focal_length" value="55"/>
        <property name="fixed" value="1"/>
        <property name="layer_index" value="0"/>
        <calibration type="frame" class="initial">
          <resolution width="6000" height="4000"/>
          <f>9227.77018581081</f>
          <cx>-37.8304617831239</cx>
          <cy>31.7622333680372</cy>
          <k1>-0.017282082281574</k1>
        </calibration>
      </sensor>
    </sensors>
    <cameras next_id="583" next_group_id="0">
      <camera id="0" sensor_id="0" label="_DSC4951.JPG" enabled="1"/>
      <camera id="1" sensor_id="0" label="_DSC4952.JPG" enabled="1"/>
      <camera id="2" sensor_id="0" label="_DSC4953.JPG" enabled="1"/>
      <camera id="3" sensor_id="0" label="_DSC4954.JPG" enabled="1">
        <transform>6.5161162631741099e-002 -9.8765217141535688e-001 -1.4246828132258282e-001 -7.2018306778789070e+000 -9.9504233551217613e-001 -7.5060094150484313e-002 6.5243641871025354e-002 1.7012904571543114e+001 -7.5131707174494869e-002 1.3751061982498361e-001 -9.8764672632090200e-001 -1.2236377600411650e+001 0.0000000000000000e+000 0.0000000000000000e+000 0.0000000000000000e+000 1.0000000000000000e+000</transform>
      </camera>
      <camera id="4" sensor_id="0" label="_DSC4955.JPG" enabled="1">
        <transform>6.8926484293482915e-002 -9.8702327887027674e-001 -1.4503167492347424e-001 -6.4680828257716616e+000 -9.9492212972752780e-001 -7.8697426259891623e-002 6.2742895044054489e-002 1.7204825411851591e+001 -7.3342317534834972e-002 1.3997057572303184e-001 -9.8743563961930325e-001 -1.0457982497835337e+001 0.0000000000000000e+000 0.0000000000000000e+000 0.0000000000000000e+000 1.0000000000000000e+000</transform>
      </camera>
      <camera id="5" sensor_id="0" label="_DSC4956.JPG" enabled="1">
        <transform>6.9002245035047594e-002 -9.8704180876414882e-001 -1.4486945134057949e-001 -6.5777598450040626e+000 -9.9506602923328669e-001 -7.8473460940438944e-002 6.0708429348230633e-002 1.7130953339421467e+001 -7.1290165142345874e-002 1.3996565178509579e-001 -9.8758661831474326e-001 -7.7613331641870138e+000 0.0000000000000000e+000 0.0000000000000000e+000 0.0000000000000000e+000 1.0000000000000000e+000</transform>
      </camera>
      <camera id="6" sensor_id="0" label="_DSC4957.JPG" enabled="1">
        <transform>6.8962527547711261e-002 -9.8694138913942286e-001 -1.4557082193137966e-001 -6.5114930632841341e+000 -9.9507977346275822e-001 -7.8455625720514455e-002 6.0505861188056863e-002 1.7089840988578654e+001 -7.1136588613293916e-002 1.4068194339128540e-001 -9.8749591217590060e-001 -7.7129149895151636e+000 0.0000000000000000e+000 0.0000000000000000e+000 0.0000000000000000e+000 1.0000000000000000e+000</transform>
      </camera>
      <camera id="7" sensor_id="0" label="_DSC4958.JPG" enabled="1">
        <transform>7.2382656880471852e-002 -9.8674388448119588e-001 -1.4524894981335854e-001 -6.7560259225645094e+000 -9.9471338186494107e-001 -8.2055773476380156e-002 6.1742513538113157e-002 1.6873679890482084e+001 -7.2842562569797653e-002 1.4001198690880987e-001 -9.8746676126344246e-001 -4.9022261674502117e+000 0.0000000000000000e+000 0.0000000000000000e+000 0.0000000000000000e+000 1.0000000000000000e+000</transform>
      </camera>
      <camera id="8" sensor_id="0" label="_DSC4959.JPG" enabled="1">
        <transform>7.2783769300776457e-002 -9.8673745069235430e-001 -1.4509213048103220e-001 -6.6929882076782574e+000 -9.9463339977326770e-001 -8.2539182300899405e-002 6.2383358682983801e-002 1.6816655750082347e+001 -7.3531782120673975e-002 1.3977298303410574e-001 -9.8744953806860702e-001 -4.8938897424469481e+000 0.0000000000000000e+000 0.0000000000000000e+000 0.0000000000000000e+000 1.0000000000000000e+000</transform>
      </camera>
      <camera id="9" sensor_id="0" label="_DSC4960.JPG" enabled="1">
        <transform>6.8365631546364658e-002 -9.8703483661763236e-001 -1.4521835877901332e-001 -6.5796274903818439e+000 -9.9492433031729421e-001 -7.8224674505968816e-002 6.3296739577315630e-002 1.6511139555816772e+001 -7.3835745854903878e-002 1.4015395678195744e-001 -9.8737285309674749e-001 -1.8642795695873038e+000 0.0000000000000000e+000 0.0000000000000000e+000 0.0000000000000000e+000 1.0000000000000000e+000</transform>
      </camera>
      <camera id="10" sensor_id="0" label="_DSC4961.JPG" enabled="1">
        <transform>6.8225834525742712e-002 -9.8721443343030624e-001 -1.4405866142008189e-001 -6.6860379620720130e+000 -9.9501563801595927e-001 -7.7857074871970910e-002 6.2306949821622395e-002 1.6641099651586885e+001 -7.2726306155062731e-002 1.3908967725629406e-001 -9.8760566324509302e-001 4.6509833055185673e-001 0.0000000000000000e+000 0.0000000000000000e+000 0.0000000000000000e+000 1.0000000000000000e+000</transform>
      </camera>
      <camera id="11" sensor_id="0" label="_DSC4962.JPG" enabled="1">
        <transform>8.4011629384601272e-001 5.4240575109765443e-001 -7.8357554158341516e-004 1.4602369895921852e+001 5.4025636846601166e-001 -8.3665693534087548e-001 9.0156690699754100e-002 1.5274351297927209e+001 4.8245923624249787e-002 -7.6165436532613345e-002 -9.9592728506223760e-001 9.5004849633505351e-001 0.0000000000000000e+000 0.0000000000000000e+000 0.0000000000000000e+000 1.0000000000000000e+000</transform>
      </camera>
      <camera id="12" sensor_id="0" label="_DSC4963.JPG" enabled="1">
        <transform>9.5957225891967179e-001 2.8144222982113415e-001 3.3691519862241413e-003 1.3714550998780419e+001 2.8032250939523534e-001 -9.5669385325551981e-001 7.8461212515892040e-002 1.5397405430474175e+001 2.5305545600846798e-002 -7.4344753792138660e-002 -9.9691147397621505e-001 9.4724823866254715e-001 0.0000000000000000e+000 0.0000000000000000e+000 0.0000000000000000e+000 1.0000000000000000e+000</transform>
      </camera>
      <camera id="13" sensor_id="0" label="_DSC4964.JPG" enabled="1">
        <transform>9.8123940332316828e-001 1.9273536486271284e-001 4.7236106136496585e-003 1.2293395586832107e+001 1.9192468657307751e-001 -9.7884864275665784e-001 7.0853717314440304e-002 1.5520134533279094e+001 1.8279716896560081e-002 -6.8617881814331885e-002 -9.9747553265506017e-001 9.3950641991897854e-001 0.0000000000000000e+000 0.0000000000000000e+000 0.0000000000000000e+000 1.0000000000000000e+000</transform>
      </camera>
      <camera id="14" sensor_id="0" label="_DSC4965.JPG" enabled="1">
        <transform>9.9002485463267709e-001 1.4072317584458541e-001 6.9119454395240821e-003 1.0908053340777874e+001 1.4005010732029158e-001 -9.8827595654455491e-001 6.0799680554422364e-002 1.5483285009414374e+001 1.5386833628784038e-002 -5.9225176202007901e-002 -9.9812605609448013e-001 9.4089953662194925e-001 0.0000000000000000e+000 0.0000000000000000e+000 0.0000000000000000e+000 1.0000000000000000e+000</transform>
      </camera>
      <camera id="15" sensor_id="0" label="_DSC4966.JPG" enabled="1">
        <transform>9.9465267802121482e-001 1.0309332964179342e-001 6.1494299406397480e-003 9.5952681310742136e+000 1.0259540711522812e-001 -9.9316666995585634e-001 5.5625067439562047e-002 1.5497231480204340e+001 1.1841982270165776e-002 -5.4696719025584546e-002 -9.9843279011846831e-001 9.4366733863789365e-001 0.0000000000000000e+000 0.0000000000000000e+000 0.0000000000000000e+000 1.0000000000000000e+000</transform>
      </camera>
      <camera id="16" sensor_id="0" label="_DSC4967.JPG" enabled="1">
        <transform>9.9745270906933081e-001 7.1044661955600955e-002 6.3835082726334943e-003 8.4067353309181456e+000 7.0671387141223382e-002 -9.9640663560522491e-001 4.6683739796764663e-002 1.5556312514569813e+001 9.6772005139772414e-003 -4.6113691345316170e-002 -9.9888932282847098e-001 9.2892142853717641e-001 0.0000000000000000e+000 0.0000000000000000e+000 0.0000000000000000e+000 1.0000000000000000e+000</transform>
      </camera>
      <camera id="17" sensor_id="0" label="_DSC4968.JPG" enabled="1">
        <transform>9.9914817448999282e-001 4.0899573528660318e-002 5.4909287454981822e-003 7.3225965306870293e+000 4.0646120838248867e-002 -9.9836203126458345e-001 4.0263474639646836e-002 1.5603072265921609e+001 7.1286937174282411e-003 -4.0005992231523534e-002 -9.9917401002600859e-001 9.1137897621920216e-001 0.0000000000000000e+000 0.0000000000000000e+000 0.0000000000000000e+000 1.0000000000000000e+000</transform>
      </camera>
      <camera id="18" sensor_id="0" label="_DSC4969.JPG" enabled="1">
        <transform>9.9991451413112642e-001 1.2276287139468874e-002 4.5008003713426703e-003 6.3212815597253238e+000 1.2112395831859430e-002 -9.9932116284306660e-001 3.4792288817978134e-002 1.5670735363060096e+001 4.9248651885834939e-003 -3.4734799093280547e-002 -9.9938443025435597e-001 9.0140912529031458e-001 0.0000000000000000e+000 0.0000000000000000e+000 0.0000000000000000e+000 1.0000000000000000e+000</transform>
      </camera>
      <camera id="19" sensor_id="0" label="_DSC4970.JPG" enabled="1">
        <transform>9.9987692906656789e-001 -1.5549973527893135e-002 2.0796739389155237e-003 5.3665850967114430e+000 -1.5603960680602985e-002 -9.9945421081903807e-001 2.9116951886692388e-002 1.5700119908261463e+001 1.6257710443287304e-003 -2.9145819586616294e-002 -9.9957384823190321e-001 8.3759581379716075e-001 0.0000000000000000e+000 0.0000000000000000e+000 0.0000000000000000e+000 1.0000000000000000e+000</transform>
      </camera>
      <camera id="20" sensor_id="0" label="_DSC4971.JPG" enabled="1">
        <transform>9.9935117419517783e-001 -3.6003467046361523e-002 9.9045209998166158e-004 4.3986725075885538e+000 -3.6017062424608240e-002 -9.9900535596601947e-001 2.6288209629195373e-002 1.5757286463130294e+001 4.3000263616892491e-005 -2.6306826335538980e-002 -9.9965391463202358e-001 8.0698166907003754e-001 0.0000000000000000e+000 0.0000000000000000e+000 0.0000000000000000e+000 1.0000000000000000e+000</transform>
      </camera>
      <camera id="21" sensor_id="0" label="_DSC4972.JPG" enabled="1">
        <transform>9.9908463548707349e-001 -4.2758278219590121e-002 -1.2730975443737231e-003 3.3965694612422750e+000 -4.2724729633170713e-002 -9.9889050792224066e-001 1.9807843411654535e-002 1.5822729949413809e+001 -2.1186343322596255e-003 -1.9735319266337883e-002 -9.9980299487550139e-001 7.4926642512122654e-001 0.0000000000000000e+000 0.0000000000000000e+000 0.0000000000000000e+000 1.0000000000000000e+000</transform>
      </camera>
      <camera id="22" sensor_id="0" label="_DSC4973.JPG" enabled="1">
        <transform>9.9885313968792089e-001 -4.7774202748765655e-002 -3.1671576065508892e-003 2.3088249377806798e+000 -4.7709392948193256e-002 -9.9869742148998708e-001 1.8090719548047363e-002 1.5840063056000632e+001 -4.0273018386742443e-003 -1.7918868853000938e-002 -9.9983133326523088e-001 7.4837428870303402e-001 0.0000000000000000e+000 0.0000000000000000e+000 0.0000000000000000e+000 1.0000000000000000e+000</transform>
      </camera>
      <camera id="23" sensor_id="0" label="_DSC4974.JPG" enabled="1">
        <transform>9.9871121656061479e-001 -5.0625680967181057e-002 -3.5981026426028673e-003 1.2774212801018361e+000 -5.0563235023818938e-002 -9.9859703645064302e-001 1.5726349096953741e-002 1.5903978452163390e+001 -4.3892117679093460e-003 -1.5524149529117837e-002 -9.9986985933243033e-001 7.6489912563862195e-001 0.0000000000000000e+000 0.0000000000000000e+000 0.0000000000000000e+000 1.0000000000000000e+000</transform>
      </camera>
      <camera id="24" sensor_id="0" label="_DSC4975.JPG" enabled="1">
        <transform>9.9850784775014767e-001 -5.4440415126908753e-002 -4.2800913750910769e-003 2.8420641801248803e-001 -5.4387439081708538e-002 -9.9845196630715238e-001 1.1648066256438430e-002 1.5920391849480762e+001 -4.9075912118602153e-003 -1.1397902359240536e-002 -9.9992299872055468e-001 7.9464265990739502e-001 0.0000000000000000e+000 0.0000000000000000e+000 0.0000000000000000e+000 1.0000000000000000e+000</transform>
      </camera>
      <camera id="25" sensor_id="0" label="_DSC4976.JPG" enabled="1">
        <transform>9.9822050360967185e-001 -5.9353088798961312e-002 -5.7477842056984328e-003 -7.9830281336190645e-001 -5.9304076304095676e-002 -9.9820502295049596e-001 8.3521667917876921e-003 1.5898856280322285e+001 -6.2331939622204124e-003 -7.9964371080160739e-003 -9.9994860082236570e-001 8.0876752975619293e-001 0.0000000000000000e+000 0.0000000000000000e+000 0.0000000000000000e+000 1.0000000000000000e+000</transform>
      </camera>
      <camera id="26" sensor_id="0" label="_DSC4977.JPG" enabled="1">
        <transform>9.9823690490042494e-001 -5.8945081629344580e-002 -6.9684321429044488e-003 -1.8816259228500267e+000 -5.8898995465120681e-002 -9.9824183959637214e-001 6.6436445156703369e-003 1.5932820446634260e+001 -7.3477906897279621e-003 -6.2214974853975081e-003 -9.9995365039636674e-001 8.1069484909282263e-001 0.0000000000000000e+000 0.0000000000000000e+000 0.0000000000000000e+000 1.0000000000000000e+000</transform>
      </camera>
      <camera id="27" sensor_id="0" label="_DSC4978.JPG" enabled="1">
        <transform>9.9816858217963733e-001 -5.9950507755089512e-002 -8.0881499367825814e-003 -2.9783563450942503e+000 -5.9907640350227033e-002 -9.9818908822695041e-001 5.4423131403136243e-003 1.5979541425966657e+001 -8.3997724469638685e-003 -4.9478040135329769e-003 -9.9995248040008522e-001 8.0618861800845198e-001 0.0000000000000000e+000 0.0000000000000000e+000 0.0000000000000000e+000 1.0000000000000000e+000</transform>
      </camera>
      <camera id="28" sensor_id="0" label="_DSC4979.JPG" enabled="1">
        <transform>9.9810213412072724e-001 -6.0866219138893708e-002 -9.3505738532764678e-003 -3.9936579279356716e+000 -6.0851037442471369e-002 -9.9814505041628543e-001 1.8998872718968998e-003 1.6060423588259500e+001 -9.4488679652303120e-003 -1.3272894210147822e-003 -9.9995447756233813e-001 8.0517576645302291e-001 0.0000000000000000e+000 0.0000000000000000e+000 0.0000000000000000e+000 1.0000000000000000e+000</transform>
      </camera>
      <camera id="29" sensor_id="0" label="_DSC4980.JPG" enabled="1">
        <transform>9.9789172782652114e-001 -6.4089380508136520e-002 -1.0229899387801406e-002 -5.1035328984750006e+000 -6.4062895920021554e-002 -9.9794166001973861e-001 2.8963016743753988e-003 1.6103225255495783e+001 -1.0394464956972840e-002 -2.2348385023962976e-003 -9.9994347870023459e-001 7.9593370565559929e-001 0.0000000000000000e+000 0.0000000000000000e+000 0.0000000000000000e+000 1.0000000000000000e+000</transform>
      </camera>
      <camera id="30" sensor_id="0" label="_DSC4981.JPG" enabled="1">
        <transform>9.9814148017527060e-001 -5.9654676917493821e-002 -1.2446086750013290e-002 -6.2034947625108448e+000 -5.9658964531524986e-002 -9.9821881730981321e-001 2.6825810077425022e-005 1.6205079438463912e+001 -1.2425518280766819e-002 7.1574469419774425e-004 -9.9992254410278547e-001 7.9051136702498059e-001 0.0000000000000000e+000 0.0000000000000000e+000 0.0000000000000000e+000 1.0000000000000000e+000</transform>
      </camera>
      <camera id="31" sensor_id="0" label="_DSC4982.JPG" enabled="1">
        <transform>9.9808242701942940e-001 -6.0475029141593445e-002 -1.3199989595824147e-002 -7.3212325373692426e+000 -6.0501471644573368e-002 -9.9816680508995237e-001 -1.6128066709681682e-003 1.6174140111190166e+001 -1.3078256911657845e-002 2.4083327927134526e-003 -9.9991157565522371e-001 7.9585828370597789e-001 0.0000000000000000e+000 0.0000000000000000e+000 0.0000000000000000e+000 1.0000000000000000e+000</transform>
      </camera>
      <camera id="32" sensor_id="0" label="_DSC4983.JPG" enabled="1">
        <transform>9.9801712414603139e-001 -6.1397958411974790e-002 -1.3860397329316996e-002 -8.4016816910184424e+000 -6.1431288415491794e-002 -9.9810932807424857e-001 -1.9914855723028946e-003 1.6141268244054963e+001 -1.3711918716860396e-002 2.8389987695386322e-003 -9.9990195687931760e-001 7.9919911995589188e-001 0.0000000000000000e+000 0.0000000000000000e+000 0.0000000000000000e+000 1.0000000000000000e+000</transform>
      </camera>
      <camera id="33" sensor_id="0" label="_DSC4984.JPG" enabled="1">
        <transform>9.9804649727615602e-001 -6.0642405005429695e-002 -1.5022915494435509e-002 -9.4695748514412141e+000 -6.0678231743081040e-002 -9.9815549286504934e-001 -1.9401690295794023e-003 1.6115989170138928e+001 -1.4877549103547516e-002 2.8479428519234823e-003 -9.9988526729529514e-001 7.7431506529487548e-001 0.0000000000000000e+000 0.0000000000000000e+000 0.0000000000000000e+000 1.0000000000000000e+000</transform>
      </camera>
      <camera id="34" sensor_id="0" label="_DSC4985.JPG" enabled="1">
        <transform>9.9797714553660932e-001 -6.1465067897382597e-002 -1.6237685025003900e-002 -1.0613294552010666e+001 -6.1514198116717628e-002 -9.9810296818875799e-001 -2.5432897688695017e-003 1.6106274629872331e+001 -1.6050558141644255e-002 3.5369932373937978e-003 -9.9986492550853101e-001 7.6820763233378397e-001 0.0000000000000000e+000 0.0000000000000000e+000 0.0000000000000000e+000 1.0000000000000000e+000</transform>
      </camera>
      <camera id="35" sensor_id="0" label="_DSC4986.JPG" enabled="1">
        <transform>9.9802428498906948e-001 -6.0646216348796918e-002 -1.6418374299272821e-002 -1.1817575107355974e+001 -6.0697781947538935e-002 -9.9815264444663721e-001 -2.6603854671784512e-003 1.6117776778840412e+001 -1.6226701411720175e-002 3.6516882068264255e-003 -9.9986167009968685e-001 7.2572560628783989e-001 0.0000000000000000e+000 0.0000000000000000e+000 0.0000000000000000e+000 1.0000000000000000e+000</transform>
      </camera>
      <camera id="36" sensor_id="0" label="_DSC4987.JPG" enabled="1">
        <transform>9.9774675401024293e-001 -6.4589718821878639e-002 -1.8154423277379744e-002 -1.2765473328426006e+001 -6.4613486062975317e-002 -9.9791010201500896e-001 -7.2506219321393796e-004 1.6034082005216710e+001 -1.8069650821565610e-002 1.8964490251490850e-003 -9.9983493197641460e-001 7.1670569960298214e-001 0.0000000000000000e+000 0.0000000000000000e+000 0.0000000000000000e+000 1.0000000000000000e+000</transform>
      </camera>
      <camera id="37" sensor_id="0" label="_DSC4988.JPG" enabled="1">
        <transform>9.9858018949763239e-001 -5.0574709756990653e-002 -1.6727339174777461e-002 -1.2465786070746253e+001 -5.0608108376761309e-002 -9.9871734023071002e-001 -1.5791418626240183e-003 1.4013786091078925e+001 -1.6626019048403381e-002 2.4234387742347197e-003 -9.9985884125465918e-001 5.7728692260711945e-001 0.0000000000000000e+000 0.0000000000000000e+000 0.0000000000000000e+000 1.0000000000000000e+000</transform>
      </camera>
      <camera id="38" sensor_id="0" label="_DSC4989.JPG" enabled="1">
        <transform>9.9841419874596404e-001 -5.4558957788292985e-002 -1.3871116303690078e-002 -1.1232151583823489e+001 -5.4560286343339877e-002 -9.9851043816086871e-001 2.8290974329834434e-004 1.4025853093162240e+001 -1.3865889678920459e-002 4.7435097275845810e-004 -9.9990375141538834e-001 6.0145113871628753e-001 0.0000000000000000e+000 0.0000000000000000e+000 0.0000000000000000e+000 1.0000000000000000e+000</transform>
      </camera>
      <camera id="39" sensor_id="0" label="_DSC4990.JPG" enabled="1">
        <transform>9.9849687677915100e-001 -5.3053342156647948e-002 -1.3759721955393970e-002 -9.9791126942425343e+000 -5.3088210492026972e-002 -9.9858744475238448e-001 -2.1810753443545004e-003 1.4032000715660075e+001 -1.3624572251426678e-002 2.9082759348377008e-003 -9.9990295177184696e-001 6.0044368053969788e-001 0.0000000000000000e+000 0.0000000000000000e+000 0.0000000000000000e+000 1.0000000000000000e+000</transform>
      </camera>
      <camera id="40" sensor_id="0" label="_DSC4991.JPG" enabled="1">
        <transform>9.9859780665163389e-001 -5.1298183186203439e-002 -1.3073521038334746e-002 -8.7856532467535615e+000 -5.1334657574642811e-002 -9.9867845379467202e-001 -2.4695866004921297e-003 1.4121783559240450e+001 -1.2929558470390019e-002 3.1372484883855100e-003 -9.9991148817767006e-001 6.1989940940697186e-001 0.0000000000000000e+000 0.0000000000000000e+000 0.0000000000000000e+000 1.0000000000000000e+000</transform>
      </camera>
      <camera id="41" sensor_id="0" label="_DSC4992.JPG" enabled="1">
        <transform>9.9865851095069225e-001 -5.0326998144937816e-002 -1.2180794861786378e-002 -7.6012124985821359e+000 -5.0377176035311964e-002 -9.9872285069080635e-001 -3.8480700015225576e-003 1.4200930073477132e+001 -1.1971576356215001e-002 4.4565419047567821e-003 -9.9991840696818779e-001 6.2137606967317938e-001 0.0000000000000000e+000 0.0000000000000000e+000 0.0000000000000000e+000 1.0000000000000000e+000</transform>
      </camera>
      <camera id="42" sensor_id="0" label="_DSC4993.JPG" enabled="1">
        <transform>9.9872169015406742e-001 -4.9256919706383018e-002 -1.1346430136466275e-002 -6.4704523163940024e+000 -4.9306453945941825e-002 -9.9877516695314916e-001 -4.1278901373238783e-003 1.4236537071717088e+001 -1.1129205500820414e-002 4.6820656496929305e-003 -9.9992710686638175e-001 6.5242949066275513e-001 0.0000000000000000e+000 0.0000000000000000e+000 0.0000000000000000e+000 1.0000000000000000e+000</transform>
      </camera>
      <camera id="43" sensor_id="0" label="_DSC4994.JPG" enabled="1">
        <transform>9.9875470803563959e-001 -4.8615759084850163e-002 -1.1204514502989147e-002 -5.3782494196304222e+000 -4.8652741384045281e-002 -9.9881109156322601e-001 -3.0519053219577562e-003 1.4242464242634551e+001 -1.1042822667284515e-002 3.5932351552320496e-003 -9.9993257009093273e-001 6.5935136091209900e-001 0.0000000000000000e+000 0.0000000000000000e+000 0.0000000000000000e+000 1.0000000000000000e+000</transform>
      </camera>
      <camera id="44" sensor_id="0" label="_DSC4995.JPG" enabled="1">
        <transform>9.9887192973109995e-001 -4.6145706153651787e-002 -1.1200080305471979e-002 -4.2698151858267455e+000 -4.6193114804399311e-002 -9.9892447312710075e-001 -4.0116246598712602e-003 1.4196494724089764e+001 -1.1002915065371651e-002 4.5244658607316319e-003 -9.9992923003017531e-001 6.4767606442807546e-001 0.0000000000000000e+000 0.0000000000000000e+000 0.0000000000000000e+000 1.0000000000000000e+000</transform>
      </camera>
      <camera id="45" sensor_id="0" label="_DSC4996.JPG" enabled="1">
        <transform>9.9879618586769392e-001 -4.7840950754585922e-002 -1.0836167544155353e-002 -3.1819979739329565e+000 -4.7893495352139277e-002 -9.9884165973375627e-001 -4.6424005934138845e-003 1.4156952389252309e+001 -1.0601518716784622e-002 5.1557939458827121e-003 -9.9993051038043901e-001 6.8549311449609174e-001 0.0000000000000000e+000 0.0000000000000000e+000 0.0000000000000000e+000 1.0000000000000000e+000</transform>
      </camera>
      <camera id="46" sensor_id="0" label="_DSC4997.JPG" enabled="1">
        <transform>9.9892072438687562e-001 -4.5130999334920048e-002 -1.0980860140766447e-002 -2.0669003206172216e+000 -4.5204881247475438e-002 -9.9895609516277473e-001 -6.5756101270491576e-003 1.4134281750945652e+001 -1.0672633311478058e-002 7.0649017100561035e-003 -9.9991808767619861e-001 6.9722027004748399e-001 0.0000000000000000e+000 0.0000000000000000e+000 0.0000000000000000e+000 1.0000000000000000e+000</transform>
      </camera>
      <camera id="47" sensor_id="0" label="_DSC4998.JPG" enabled="1">
        <transform>9.9906364745813980e-001 -4.2181480715250901e-002 -9.6203436689120281e-003 -1.0599047460852344e+000 -4.2253935188418780e-002 -9.9907907743431035e-001 -7.4566744665551165e-003 1.4069536898560560e+001 -9.2969505071267399e-003 7.8561897683410518e-003 -9.9992592075292852e-001 7.2105456803284851e-001 0.0000000000000000e+000 0.0000000000000000e+000 0.0000000000000000e+000 1.0000000000000000e+000</transform>
      </camera>
      <camera id="48" sensor_id="0" label="_DSC4999.JPG" enabled="1">
        <transform>9.9910910484528359e-001 -4.1076337671732757e-002 -9.6814822590943223e-003 -1.5141337030324531e-002 -4.1147711947670071e-002 -9.9912646455045917e-001 -7.2920255328394606e-003 1.4048355761421639e+001 -9.3734954380390919e-003 7.6838999458478802e-003 -9.9992654493462430e-001 7.3117966026994974e-001 0.0000000000000000e+000 0.0000000000000000e+000 0.0000000000000000e+000 1.0000000000000000e+000</transform>
      </camera>
      <camera id="49" sensor_id="0" label="_DSC5000.JPG" enabled="1">
        <transform>9.9909857115112377e-001 -4.1408159384564665e-002 -9.3493026566076418e-003 1.0811539305557749e+000 -4.1478254857195078e-002 -9.9911176381507316e-001 -7.4322123445845229e-003 1.4018317273124859e+001 -9.0332440343397265e-003 7.8133054922939656e-003 -9.9992867383603923e-001 7.3093598866259635e-001 0.0000000000000000e+000 0.0000000000000000e+000 0.0000000000000000e+000 1.0000000000000000e+000</transform>
      </camera>
      <camera id="50" sensor_id="0" label="_DSC5001.JPG" enabled="1">
        <transform>9.9917256911400687e-001 -3.9645025660596127e-002 -9.0801470520021216e-003 2.1973951055413901e+000 -3.9713772001019630e-002 -9.9918279803180698e-001 -7.5201350240710280e-003 1.3980482420425993e+001 -8.7745907919592990e-003 7.8745195218442154e-003 -9.9993049683402180e-001 7.5746551298052855e-001 0.0000000000000000e+000 0.0000000000000000e+000 0.0000000000000000e+000 1.0000000000000000e+000</transform>
      </camera>
      <camera id="51" sensor_id="0" label="_DSC5002.JPG" enabled="1">
        <transform>9.9920282910826330e-001 -3.9214774738296612e-002 -7.4771481373430565e-003 3.2660092634807576e+000 -3.9281919502446208e-002 -9.9918713728778663e-001 -9.0551354954640905e-003 1.4010746430077335e+001 -7.1159751437491359e-003 9.3416337362653475e-003 -9.9993104601111926e-001 8.1255071028074344e-001 0.0000000000000000e+000 0.0000000000000000e+000 0.0000000000000000e+000 1.0000000000000000e+000</transform>
      </camera>
      <camera id="52" sensor_id="0" label="_DSC5003.JPG" enabled="1">
        <transform>9.9938363522510221e-001 -3.4504870553692085e-002 -6.4624726176546674e-003 4.3359034424522420e+000 -3.4565305932061363e-002 -9.9935742184555842e-001 -9.4859384365260438e-003 1.4021093594856653e+001 -6.1310088960942616e-003 9.7034689813237165e-003 -9.9993412454003416e-001 8.6065331821029378e-001 0.0000000000000000e+000 0.0000000000000000e+000 0.0000000000000000e+000 1.0000000000000000e+000</transform>
      </camera>
      <camera id="53" sensor_id="0" label="_DSC5004.JPG" enabled="1">
        <transform>9.9936118732787427e-001 -3.5357891379366541e-002 -5.1996903587226495e-003 5.3953595410639581e+000 -3.5412474993453930e-002 -9.9931432102947448e-001 -1.0809458831889487e-002 1.4073957323362158e+001 -4.8139253691427469e-003 1.0986687517410823e-002 -9.9992805682205710e-001 8.7672717117660470e-001 0.0000000000000000e+000 0.0000000000000000e+000 0.0000000000000000e+000 1.0000000000000000e+000</transform>
      </camera>
      <camera id="54" sensor_id="0" label="_DSC5005.JPG" enabled="1">
        <transform>9.9931744033592840e-001 -3.6640359359425369e-002 -4.7050511644349874e-003 6.4519374622128094e+000 -3.6689104235813431e-002 -9.9926912915798249e-001 -1.0729265688801039e-002 1.4106167326467880e+001 -4.3084882292282788e-003 1.0894566437423550e-002 -9.9993137032064316e-001 9.1832922110447968e-001 0.0000000000000000e+000 0.0000000000000000e+000 0.0000000000000000e+000 1.0000000000000000e+000</transform>
      </camera>
      <camera id="55" sensor_id="0" label="_DSC5006.JPG" enabled="1">
        <transform>9.9938456170799794e-001 -3.4880747528185388e-002 -3.7190417565952493e-003 7.5275225509977375e+000 -3.4924413044248370e-002 -9.9931295979976575e-001 -1.2405391962627731e-002 1.4082834575670455e+001 -3.2837772803655206e-003 1.2527642559822779e-002 -9.9991613397257784e-001 9.3863343709369196e-001 0.0000000000000000e+000 0.0000000000000000e+000 0.0000000000000000e+000 1.0000000000000000e+000</transform>
      </camera>
      <camera id="56" sensor_id="0" label="_DSC5007.JPG" enabled="1">
        <transform>9.9944445602514598e-001 -3.3125715970790413e-002 -3.6696405849499640e-003 8.6585400107478847e+000 -3.3165444419894351e-002 -9.9938538739796468e-001 -1.1353446694772892e-002 1.4021928125037112e+001 -3.2912941271009571e-003 1.1468844616728931e-002 -9.9992881395933697e-001 9.8116764296480541e-001 0.0000000000000000e+000 0.0000000000000000e+000 0.0000000000000000e+000 1.0000000000000000e+000</transform>
      </camera>
      <camera id="57" sensor_id="0" label="_DSC5008.JPG" enabled="1">
        <transform>9.9957479619368583e-001 -2.8922321023731538e-002 -3.7048833925646912e-003 9.7432885877474913e+000 -2.8959461140398490e-002 -9.9952651058227504e-001 -1.0397319542992051e-002 1.4001477980906907e+001 -3.4024145558756726e-003 1.0500189989783587e-002 -9.9993908293723999e-001 1.0292682119493988e+000 0.0000000000000000e+000 0.0000000000000000e+000 0.0000000000000000e+000 1.0000000000000000e+000</transform>
      </camera>
      <camera id="58" sensor_id="0" label="_DSC5009.JPG" enabled="1">
        <transform>9.9953866722936957e-001 -3.0183696126601506e-002 -3.3759741516171801e-003 1.0805704079615152e+001 -3.0219464210719273e-002 -9.9948165564133484e-001 -1.1099730594622650e-002 1.3989859637083232e+001 -3.0391933391054581e-003 1.1196630055205293e-002 -9.9993269712478872e-001 1.0697720535397550e+000 0.0000000000000000e+000 0.0000000000000000e+000 0.0000000000000000e+000 1.0000000000000000e+000</transform>
      </camera>
      <camera id="59" sensor_id="0" label="_DSC5010.JPG" enabled="1">
        <transform>9.9958226939538264e-001 -2.8749998898214058e-002 -2.9536881570635777e-003 1.1899418368233990e+001 -2.8781098550588052e-002 -9.9952422003418862e-001 -1.1089721875157561e-002 1.3964666097659491e+001 -2.6334533597209119e-003 1.1170099748869768e-002 -9.9993414472904285e-001 1.0603714246754130e+000 0.0000000000000000e+000 0.0000000000000000e+000 0.0000000000000000e+000 1.0000000000000000e+000</transform>
      </camera>
      <camera id="60" sensor_id="0" label="_DSC5011.JPG" enabled="1">
        <transform>9.9964925488811951e-001 -2.6372189985144429e-002 -2.4237980555887766e-003 1.3005795868591800e+001 -2.6397202269212210e-002 -9.9959163877771418e-001 -1.0942732658801970e-002 1.3926824738543587e+001 -2.1342244458176520e-003 1.1002876036344382e-002 -9.9993718892985661e-001 1.0408637202957787e+000 0.0000000000000000e+000 0.0000000000000000e+000 0.0000000000000000e+000 1.0000000000000000e+000</transform>
      </camera>
      <camera id="61" sensor_id="0" label="_DSC5012.JPG" enabled="1">
        <transform>9.9979175194049563e-001 -2.0397487658149936e-002 -6.2868830861041692e-004 1.4038827674450642e+001 -2.0402318903482562e-002 -9.9975141635875597e-001 -8.9917112955119356e-003 1.3937310585332513e+001 -4.4512370680560299e-004 9.0026654884461845e-003 -9.9995937611434438e-001 1.0572412226309105e+000 0.0000000000000000e+000 0.0000000000000000e+000 0.0000000000000000e+000 1.0000000000000000e+000</transform>
      </camera>
      <camera id="62" sensor_id="0" label="_DSC5013.JPG" enabled="1">
        <transform>9.9931307127361402e-001 -3.6871714506791713e-002 -3.7232044028767102e-003 1.3789998590381241e+001 -3.6914809548438642e-002 -9.9924322729854798e-001 -1.2258447454096532e-002 1.1935860916234351e+001 -3.2683968085987320e-003 1.2387468155841528e-002 -9.9991793073981305e-001 9.3706915999540419e-001 0.0000000000000000e+000 0.0000000000000000e+000 0.0000000000000000e+000 1.0000000000000000e+000</transform>
      </camera>
      <camera id="63" sensor_id="0" label="_DSC5014.JPG" enabled="1">
        <transform>9.9979770999332551e-001 -1.8901243057469510e-002 -6.8761982944532257e-003 1.2524521055699264e+001 -1.8983520369191171e-002 -9.9974653003590208e-001 -1.2103786001312780e-002 1.1958037889670848e+001 -6.6456787835919903e-003 1.2231871976747138e-002 -9.9990310343625288e-001 9.3572077435956835e-001 0.0000000000000000e+000 0.0000000000000000e+000 0.0000000000000000e+000 1.0000000000000000e+000</transform>
      </camera>
      <camera id="64" sensor_id="0" label="_DSC5015.JPG" enabled="1">
        <transform>9.9973018617589027e-001 -2.2199094523706268e-002 -6.8377665247706144e-003 1.1238801521303362e+001 -2.2287045497873754e-002 -9.9966621833614722e-001 -1.3066733351609941e-002 1.1937314359568775e+001 -6.5454145548944857e-003 1.3215601379957123e-002 -9.9989124680060615e-001 8.8722697313527732e-001 0.0000000000000000e+000 0.0000000000000000e+000 0.0000000000000000e+000 1.0000000000000000e+000</transform>
      </camera>
      <camera id="65" sensor_id="0" label="_DSC5016.JPG" enabled="1">
        <transform>9.9977095939344995e-001 -2.0184060214997211e-002 -7.1156494249280831e-003 1.0014658292360444e+001 -2.0264162048389031e-002 -9.9972999848220245e-001 -1.1370746292662859e-002 1.1956851282467142e+001 -6.8842203609226745e-003 1.1512334603061327e-002 -9.9991003278395474e-001 8.6639459754045489e-001 0.0000000000000000e+000 0.0000000000000000e+000 0.0000000000000000e+000 1.0000000000000000e+000</transform>
      </camera>
      <camera id="66" sensor_id="0" label="_DSC5017.JPG" enabled="1">
        <transform>9.9982582474719373e-001 -1.6838675125636884e-002 -8.0485519571073614e-003 8.8694921652421801e+000 -1.6920013210893241e-002 -9.9980535693966799e-001 -1.0146989094621981e-002 1.2012338993986496e+001 -7.8761235094554679e-003 1.0281403345674024e-002 -9.9991612619444603e-001 8.5654074591272678e-001 0.0000000000000000e+000 0.0000000000000000e+000 0.0000000000000000e+000 1.0000000000000000e+000</transform>
      </camera>
      <camera id="67" sensor_id="0" label="_DSC5018.JPG" enabled="1">
        <transform>9.9983547609343826e-001 -1.6278898636335051e-002 -8.0011376812606106e-003 7.7930612359037790e+000 -1.6348545700195814e-002 -9.9982834852125224e-001 -8.7177145373022284e-003 1.2099089318566259e+001 -7.8578494828527110e-003 8.8470872298859124e-003 -9.9992998917376796e-001 8.4623066746919517e-001 0.0000000000000000e+000 0.0000000000000000e+000 0.0000000000000000e+000 1.0000000000000000e+000</transform>
      </camera>
      <camera id="68" sensor_id="0" label="_DSC5019.JPG" enabled="1">
        <transform>9.9982227667568857e-001 -1.6807530939863053e-002 -8.5394359736381317e-003 6.6924198645325772e+000 -1.6884924854859543e-002 -9.9981627012467666e-001 -9.0733294123641946e-003 1.2145249103946501e+001 -8.3853667593054831e-003 9.2159046048162236e-003 -9.9992237335036505e-001 8.1350639080766896e-001 0.0000000000000000e+000 0.0000000000000000e+000 0.0000000000000000e+000 1.0000000000000000e+000</transform>
      </camera>
      <camera id="69" sensor_id="0" label="_DSC5020.JPG" enabled="1">
        <transform>9.9982988501787007e-001 -1.6103233648194954e-002 -8.9937139840065364e-003 5.6344693530056089e+000 -1.6181380717523990e-002 -9.9983135288441993e-001 -8.6849702005870767e-003 1.2162996888303457e+001 -8.8523411157171161e-003 8.8290234670763256e-003 -9.9992183914613486e-001 7.6988462298243232e-001 0.0000000000000000e+000 0.0000000000000000e+000 0.0000000000000000e+000 1.0000000000000000e+000</transform>
      </camera>
      <camera id="70" sensor_id="0" label="_DSC5021.JPG" enabled="1">
        <transform>9.9979650776243467e-001 -1.7977326316333118e-002 -9.1519836404371762e-003 4.5889498920394818e+000 -1.8060673329878981e-002 -9.9979541379527326e-001 -9.1072846013364184e-003 1.2198098728573315e+001 -8.9863866437045175e-003 9.2707223264650862e-003 -9.9991664580735695e-001 7.4582235844791289e-001 0.0000000000000000e+000 0.0000000000000000e+000 0.0000000000000000e+000 1.0000000000000000e+000</transform>
      </camera>
      <camera id="71" sensor_id="0" label="_DSC5022.JPG" enabled="1">
        <transform>9.9987108101865052e-001 -1.2568148643145162e-002 -9.9931467656477809e-003 3.5017861024661636e+000 -1.2651951996589068e-002 -9.9988494941150807e-001 -8.3675594423879857e-003 1.2256199376838746e+001 -9.8868323173792235e-003 8.4929135183221347e-003 -9.9991505687568194e-001 7.3892219370382373e-001 0.0000000000000000e+000 0.0000000000000000e+000 0.0000000000000000e+000 1.0000000000000000e+000</transform>
      </camera>
      <camera id="72" sensor_id="0" label="_DSC5023.JPG" enabled="1">
        <transform>9.9986995141292023e-001 -1.2548247647060261e-002 -1.0130239015531003e-002 2.3777921152964359e+000 -1.2619758249435249e-002 -9.9989568072352319e-001 -7.0263341913091009e-003 1.2300878122206136e+001 -1.0041014054842812e-002 7.1532615938601721e-003 -9.9992400155477834e-001 7.1886458654157526e-001 0.0000000000000000e+000 0.0000000000000000e+000 0.0000000000000000e+000 1.0000000000000000e+000</transform>
      </camera>
      <camera id="73" sensor_id="0" label="_DSC5024.JPG" enabled="1">
        <transform>9.9986053190274926e-001 -1.3167266305658903e-002 -1.0273258547689741e-002 1.2163357477102288e+000 -1.3250941961769009e-002 -9.9987923265444334e-001 -8.1198918396390204e-003 1.2363147274429240e+001 -1.0165101095299046e-002 8.2548897265479464e-003 -9.9991426008199569e-001 6.7743070278105588e-001 0.0000000000000000e+000 0.0000000000000000e+000 0.0000000000000000e+000 1.0000000000000000e+000</transform>
      </camera>
      <camera id="74" sensor_id="0" label="_DSC5025.JPG" enabled="1">
        <transform>9.9984401414958812e-001 -1.4469232399944940e-002 -1.0128607159629538e-002 1.1515655412061042e-001 -1.4557676138980364e-002 -9.9985606415846517e-001 -8.7134970577678710e-003 1.2409108753745002e+001 -1.0001071676089360e-002 8.8595868582880995e-003 -9.9991073915926620e-001 6.4358036369345639e-001 0.0000000000000000e+000 0.0000000000000000e+000 0.0000000000000000e+000 1.0000000000000000e+000</transform>
      </camera>
      <camera id="75" sensor_id="0" label="_DSC5026.JPG" enabled="1">
        <transform>9.9987782878585740e-001 -1.1645905894568372e-002 -1.0425947360992763e-002 -9.9771504647795073e-001 -1.1743511814544624e-002 -9.9988732667154023e-001 -9.3500744329827207e-003 1.2456317710699750e+001 -1.0315882547847528e-002 9.4713693590485603e-003 -9.9990193305629904e-001 6.1519580860586398e-001 0.0000000000000000e+000 0.0000000000000000e+000 0.0000000000000000e+000 1.0000000000000000e+000</transform>
      </camera>
      <camera id="76" sensor_id="0" label="_DSC5027.JPG" enabled="1">
        <transform>9.9987195679771546e-001 -1.2512104831353987e-002 -9.9758329074474301e-003 -2.1217675859750389e+000 -1.2597430711563351e-002 -9.9988420720050342e-001 -8.5367986088593622e-003 1.2456997366804341e+001 -9.8678644587095604e-003 8.6613753936699237e-003 -9.9991379919836809e-001 6.0809716307244166e-001 0.0000000000000000e+000 0.0000000000000000e+000 0.0000000000000000e+000 1.0000000000000000e+000</transform>
      </camera>
      <camera id="77" sensor_id="0" label="_DSC5028.JPG" enabled="1">
        <transform>9.9988846978693968e-001 -1.0647095855048288e-002 -1.0473172250381564e-002 -3.2004569836794401e+000 -1.0719386077881563e-002 -9.9991894102975598e-001 -6.8706718772442226e-003 1.2460380244345931e+001 -1.0399170603758156e-002 6.9821715665578802e-003 -9.9992155018829809e-001 6.1523354635087402e-001 0.0000000000000000e+000 0.0000000000000000e+000 0.0000000000000000e+000 1.0000000000000000e+000</transform>
      </camera>
      <camera id="78" sensor_id="0" label="_DSC5029.JPG" enabled="1">
        <transform>9.9988216942711206e-001 -1.1086873806800113e-002 -1.0617367419672261e-002 -4.2480978725509360e+000 -1.1165193050463332e-002 -9.9991068428935315e-001 -7.3458769485620504e-003 1.2500100665125983e+001 -1.0534976311226987e-002 7.4635563366011763e-003 -9.9991665132696550e-001 6.2621833517616587e-001 0.0000000000000000e+000 0.0000000000000000e+000 0.0000000000000000e+000 1.0000000000000000e+000</transform>
      </camera>
      <camera id="79" sensor_id="0" label="_DSC5030.JPG" enabled="1">
